Acc: 0.303611738149
F1: 0.29223595644
[[67 23 57 51 26]
 [29 16 39 24 18]
 [36  9 93 54 11]
 [25 10 63 70 18]
 [27 16 46 35 23]]
Acc: 0.262979683973
F1: 0.256352800171
[[52 28 69 45 24]
 [29 14 32 30 17]
 [42 11 89 67 26]
 [27 17 64 57 17]
 [24 14 40 30 21]]
Acc: 0.302824858757
F1: 0.297376122486
[[66 22 54 38 28]
 [25 10 30 26 17]
 [42 17 83 63 20]
 [36 16 55 72 12]
 [34 13 35 34 37]]
Acc: 0.267796610169
F1: 0.257729876499
[[59 33 66 38 20]
 [46 14 35 34 14]
 [40  9 74 48 23]
 [30 15 50 65 18]
 [39 20 36 34 25]]
Average Acc: 0.284303222762
Average F1: 0.275923688899
