Acc: 0.251693002257
F1: 0.104264475946
[[221   0   0   0   0]
 [121   0   0   0   0]
 [216   0   1   0   0]
 [168   0   0   0   0]
 [158   0   0   0   1]]
Acc: 0.23927765237
F1: 0.0923986562887
[[  0   0 227   0   0]
 [  0   0 129   0   0]
 [  0   0 212   0   0]
 [  0   0 190   0   0]
 [  0   0 128   0   0]]
Acc: 0.237288135593
F1: 0.0941110311181
[[208   0   0   0   0]
 [136   0   0   0   0]
 [211   0   1   0   0]
 [177   0   0   0   0]
 [151   0   0   0   1]]
Acc: 0.238418079096
F1: 0.0933421232866
[[210   0   0   0   0]
 [113   0   0   0   0]
 [216   0   0   0   0]
 [202   0   0   0   0]
 [143   0   0   0   1]]
Average Acc: 0.241669217329
Average F1: 0.0960290716598

